a = [[1 2 3] [4 5 6] [7 8 9]];
b = [[2 5 1] [5 1 5] [8 2 7]];
a+b
a.*b